2410467045787058
2408997702600659
2407321896101573
2405356089631487
2408179026015860
2405454302954999
2332129910287439
2411006542399775
2411006249066471
2408017486032014
2404963729670723
2408952999271796
2408108929356203
2403167123183717
2407466072753822
2404533889713707
2357838464383250
2408031402697289
2407514989415597
2408916502608779
2409015779265518
1751507071683062
2265817316918699
1469212710520988
1467809087328017
1460131228095803
1418435972265329
1466429797465946
1467489720693287
1467347380707521
1468376420604617
1468372667271659
1468171710625088
1456882721753987
1459654314810161
1462098771232382
1467856157323310
1466199070822352
1469212710520988
1468105090631750
1465825397526386
1468045310637728
1467803940661865
1467603987348527
2411034735730289
2411034735730289
2411034735730289
2411034735730289
2401286436705119
800753221639317
816351276746178
816062610108378
816373796743926
816345120080127
815349120179727
815730093474963
816185956762710
791592972555342
815891453458827
806975854350387
815992136782092
816282680086371
816285430086096
816299490084690
816313120083327
816332180081421
816344586746847
816348420079797
816349156746390
816349583413014
2414597382040691
2411261085707654
2405330036300759
2413879568779139
2413515408815555
2410357205798042
